Serie M N p k ti_s status ObjValue Gap
100_20_5 100 20 5 1 2.17006 Optimal 45.4433 0
100_20_5 100 20 5 2 3.34939 Optimal 137.038 0
100_20_5 100 20 5 3 3.92953 Optimal 254.086 0
100_20_5 100 20 5 4 4.9831 Optimal 384.352 -1.47894E-016
100_20_5 100 20 5 5 4.21179 Optimal 513.068 0
100_20_6 100 20 6 1 2.09387 Optimal 380.563 0
100_20_6 100 20 6 2 3.07938 Optimal 1011.24 0
100_20_6 100 20 6 3 3.90889 Optimal 1715.72 -2.65047E-016
100_20_6 100 20 6 4 4.42716 Optimal 2411.07 -1.88608E-016
100_20_6 100 20 6 5 5.90203 Optimal 3023.71 0
100_20_6 100 20 6 6 3.10501 Optimal 3560.82 0
100_20_7 100 20 7 1 2.13652 Optimal 565.789 0
100_20_7 100 20 7 2 3.25059 Optimal 1381.42 0
100_20_7 100 20 7 3 3.90927 Optimal 2186.21 -4.16014E-016
100_20_7 100 20 7 4 4.1657 Optimal 2841.33 -1.60047E-016
100_20_7 100 20 7 5 5.0553 Optimal 3359.41 -2.70731E-016
100_20_7 100 20 7 6 3.30276 Optimal 3781.39 0
100_20_7 100 20 7 7 5.69244 Optimal 4142.24 0
100_20_8 100 20 8 1 2.21809 Optimal 680.437 0
100_20_8 100 20 8 2 3.12773 Optimal 1528.55 -1.48752E-016
100_20_8 100 20 8 3 4.06221 Optimal 2286.98 0
100_20_8 100 20 8 4 4.21985 Optimal 2837.05 0
100_20_8 100 20 8 5 5.39038 Optimal 3216.1 0
100_20_8 100 20 8 6 3.20178 Optimal 3464.7 0
100_20_8 100 20 8 7 3.83305 Optimal 3638.79 0
100_20_8 100 20 8 8 3.86606 Optimal 3772.1 0
100_20_9 100 20 9 1 2.1105 Optimal 745.651 0
100_20_9 100 20 9 2 3.25624 Optimal 1594.51 -1.42598E-016
100_20_9 100 20 9 3 3.95933 Optimal 2257.5 -2.01439E-016
100_20_9 100 20 9 4 4.61055 Optimal 2685.68 0
100_20_9 100 20 9 5 5.1746 Optimal 2951.43 0
100_20_9 100 20 9 6 3.34173 Optimal 3115.82 0
100_20_9 100 20 9 7 3.6031 Optimal 3210.58 0
100_20_9 100 20 9 8 9.69543 Optimal 3276.54 -1.38789E-016
100_20_9 100 20 9 9 5.15348 Optimal 3313.97 0
100_20_10 100 20 10 1 2.12631 Optimal 786.839 0
100_20_10 100 20 10 2 3.35544 Optimal 1613.65 -1.40906E-016
100_20_10 100 20 10 3 4.02651 Optimal 2176.42 0
100_20_10 100 20 10 4 4.32105 Optimal 2509.37 0
100_20_10 100 20 10 5 5.14928 Optimal 2692.98 0
100_20_10 100 20 10 6 3.47157 Optimal 2800.45 0
100_20_10 100 20 10 7 4.07074 Optimal 2858.31 0
100_20_10 100 20 10 8 6.19567 Optimal 2890.9 0
100_20_10 100 20 10 9 10.043 Optimal 2908.28 0
100_20_10 100 20 10 10 8.69322 Optimal 2917.3 0
100_20_11 100 20 11 1 1.9839 Optimal 815.284 -1.39445E-016
100_20_11 100 20 11 2 3.22727 Optimal 1595.68 0
100_20_11 100 20 11 3 3.95477 Optimal 2068.82 0
100_20_11 100 20 11 4 4.4446 Optimal 2336.8 0
100_20_11 100 20 11 5 5.87101 Optimal 2471.79 -1.83975E-016
100_20_11 100 20 11 6 3.11411 Optimal 2543.33 0
100_20_11 100 20 11 7 3.84343 Optimal 2577 0
100_20_11 100 20 11 8 6.69597 Optimal 2593.36 0
100_20_11 100 20 11 9 7.5143 Optimal 2601.75 0
100_20_11 100 20 11 10 11.5761 Optimal 2605.75 0
100_20_11 100 20 11 11 5.59485 Optimal 2607.71 0
100_20_12 100 20 12 1 2.07993 Optimal 844.419 0
100_20_12 100 20 12 2 3.07999 Optimal 1552.92 0
100_20_12 100 20 12 3 3.91742 Optimal 1971.58 0
100_20_12 100 20 12 4 4.14727 Optimal 2186.9 -2.07941E-016
100_20_12 100 20 12 5 5.76599 Optimal 2288.41 0
100_20_12 100 20 12 6 3.25982 Optimal 2335.17 0
100_20_12 100 20 12 7 3.87674 Optimal 2356.47 0
100_20_12 100 20 12 8 6.28485 Optimal 2365.93 0
100_20_12 100 20 12 9 6.97745 Optimal 2370.14 0
100_20_12 100 20 12 10 7.43011 Optimal 2372.01 0
100_20_12 100 20 12 11 13.6375 Optimal 2372.86 0
100_20_12 100 20 12 12 6.63148 Optimal 2373.24 0
100_20_13 100 20 13 1 2.09161 Optimal 870.75 0
100_20_13 100 20 13 2 3.12622 Optimal 1528.86 0
100_20_13 100 20 13 3 4.08452 Optimal 1884.27 -3.62008E-016
100_20_13 100 20 13 4 4.161 Optimal 2045.22 0
100_20_13 100 20 13 5 5.11481 Optimal 2119.66 0
100_20_13 100 20 13 6 3.21621 Optimal 2151.15 0
100_20_13 100 20 13 7 3.39865 Optimal 2164.91 0
100_20_13 100 20 13 8 6.28986 Optimal 2170.41 -4.19042E-016
100_20_13 100 20 13 9 6.61904 Optimal 2172.68 -2.09302E-016
100_20_13 100 20 13 10 8.06683 Optimal 2173.59 0
100_20_13 100 20 13 11 8.72357 Optimal 2173.96 -2.09179E-016
100_20_13 100 20 13 12 14.7507 Optimal 2174.12 -4.18328E-016
100_20_13 100 20 13 13 6.13308 Optimal 2174.18 0
100_20_14 100 20 14 1 1.9572 Optimal 893.88 0
100_20_14 100 20 14 2 3.34122 Optimal 1502.17 0
100_20_14 100 20 14 3 4.05089 Optimal 1805.39 0
100_20_14 100 20 14 4 4.35085 Optimal 1931.78 0
100_20_14 100 20 14 5 5.30976 Optimal 1986.86 0
100_20_14 100 20 14 6 2.98132 Optimal 2008.25 0
100_20_14 100 20 14 7 3.54693 Optimal 2016.59 0
100_20_14 100 20 14 8 6.23563 Optimal 2019.81 0
100_20_14 100 20 14 9 7.21215 Optimal 2021.02 0
100_20_14 100 20 14 10 8.05434 Optimal 2021.48 0
100_20_14 100 20 14 11 9.49097 Optimal 2021.65 -2.24939E-016
100_20_14 100 20 14 12 10.5349 Optimal 2021.71 0
100_20_14 100 20 14 13 18.0932 Optimal 2021.74 0
100_20_14 100 20 14 14 6.85601 Optimal 2021.75 0
100_20_15 100 20 15 1 1.89326 Optimal 912.535 -1.24584E-016
100_20_15 100 20 15 2 3.12017 Optimal 1478.83 -3.07505E-016
100_20_15 100 20 15 3 3.8866 Optimal 1738.87 0
100_20_15 100 20 15 4 4.71833 Optimal 1839.71 0
100_20_15 100 20 15 5 5.40917 Optimal 1879.74 0
100_20_15 100 20 15 6 3.23967 Optimal 1894.6 0
100_20_15 100 20 15 7 3.82678 Optimal 1899.91 0
100_20_15 100 20 15 8 6.21435 Optimal 1901.84 -4.78218E-016
100_20_15 100 20 15 9 6.86337 Optimal 1902.52 -1.19512E-016
100_20_15 100 20 15 10 8.14796 Optimal 1902.75 -3.58492E-016
100_20_15 100 20 15 11 9.22765 Optimal 1902.83 0
100_20_15 100 20 15 12 10.4364 Optimal 1902.86 -2.38981E-016
100_20_15 100 20 15 13 11.0997 Optimal 1902.87 0
100_20_15 100 20 15 14 20.1287 Optimal 1902.88 -2.38979E-016
100_20_15 100 20 15 15 7.04775 Optimal 1902.88 0
100_20_16 100 20 16 1 1.94721 Optimal 930.851 0
100_20_16 100 20 16 2 3.36019 Optimal 1453.82 0
100_20_16 100 20 16 3 4.03113 Optimal 1681.39 0
100_20_16 100 20 16 4 4.75139 Optimal 1763.77 0
100_20_16 100 20 16 5 5.56161 Optimal 1793.87 0
100_20_16 100 20 16 6 3.2798 Optimal 1804.49 0
100_20_16 100 20 16 7 3.77408 Optimal 1808.09 0
100_20_16 100 20 16 8 6.28225 Optimal 1809.3 -1.25669E-016
100_20_16 100 20 16 9 6.60585 Optimal 1809.7 0
100_20_16 100 20 16 10 7.45049 Optimal 1809.83 0
100_20_16 100 20 16 11 9.43331 Optimal 1809.87 0
100_20_16 100 20 16 12 10.8231 Optimal 1809.89 0
100_20_16 100 20 16 13 11.553 Optimal 1809.89 -2.51256E-016
100_20_16 100 20 16 14 13.3215 Optimal 1809.89 0
100_20_16 100 20 16 15 22.1455 Optimal 1809.89 0
100_20_16 100 20 16 16 8.75625 Optimal 1809.9 0
100_20_17 100 20 17 1 1.83582 Optimal 949.087 -2.39571E-016
100_20_17 100 20 17 2 3.27642 Optimal 1430.97 0
100_20_17 100 20 17 3 4.1174 Optimal 1632.98 -1.39238E-016
100_20_17 100 20 17 4 4.28176 Optimal 1701.65 0
100_20_17 100 20 17 5 5.42047 Optimal 1725.02 -3.95428E-016
100_20_17 100 20 17 6 3.32366 Optimal 1732.68 0
100_20_17 100 20 17 7 3.83911 Optimal 1735.12 0
100_20_17 100 20 17 8 6.67587 Optimal 1735.9 0
100_20_17 100 20 17 9 7.01416 Optimal 1736.15 0
100_20_17 100 20 17 10 8.0032 Optimal 1736.22 0
100_20_17 100 20 17 11 8.9036 Optimal 1736.25 -1.30957E-016
100_20_17 100 20 17 12 11.4749 Optimal 1736.25 -1.30956E-016
100_20_17 100 20 17 13 12.1846 Optimal 1736.26 -2.61913E-016
100_20_17 100 20 17 14 12.5922 Optimal 1736.26 0
100_20_17 100 20 17 15 13.3976 Optimal 1736.26 -1.30956E-016
100_20_17 100 20 17 16 23.2403 Optimal 1736.26 0
100_20_17 100 20 17 17 9.43372 Optimal 1736.26 0
100_20_18 100 20 18 1 1.82196 Optimal 968.936 -1.17332E-016
100_20_18 100 20 18 2 3.39372 Optimal 1411.93 0
100_20_18 100 20 18 3 3.90659 Optimal 1589.39 -1.43057E-016
100_20_18 100 20 18 4 4.17748 Optimal 1648.02 0
100_20_18 100 20 18 5 5.48256 Optimal 1666.05 0
100_20_18 100 20 18 6 3.41684 Optimal 1671.92 0
100_20_18 100 20 18 7 3.91329 Optimal 1673.65 0
100_20_18 100 20 18 8 6.60653 Optimal 1674.18 0
100_20_18 100 20 18 9 7.34774 Optimal 1674.33 0
100_20_18 100 20 18 10 8.10982 Optimal 1674.38 0
100_20_18 100 20 18 11 9.32195 Optimal 1674.39 0
100_20_18 100 20 18 12 11.3548 Optimal 1674.4 0
100_20_18 100 20 18 13 12.164 Optimal 1674.4 0
100_20_18 100 20 18 14 13.9016 Optimal 1674.4 0
100_20_18 100 20 18 15 13.3619 Optimal 1674.4 0
100_20_18 100 20 18 16 14.6716 Optimal 1674.4 0
100_20_18 100 20 18 17 26.9592 Optimal 1674.4 0
100_20_18 100 20 18 18 12.2538 Optimal 1674.4 0
100_30_7 100 30 7 1 5.32024 Optimal 594.575 0
100_30_7 100 30 7 2 5.3325 Optimal 1379.24 0
100_30_7 100 30 7 3 6.4296 Optimal 2122.12 0
100_30_7 100 30 7 4 7.1818 Optimal 2750.11 0
100_30_7 100 30 7 5 5.18712 Optimal 3209.31 0
100_30_7 100 30 7 6 6.23484 Optimal 3584.18 0
100_30_7 100 30 7 7 11.9014 Optimal 3868.92 0
100_30_8 100 30 8 1 5.0477 Optimal 709.752 -3.20357E-016
100_30_8 100 30 8 2 5.29098 Optimal 1517.25 0
100_30_8 100 30 8 3 6.0119 Optimal 2180.18 0
100_30_8 100 30 8 4 7.22239 Optimal 2683.11 0
100_30_8 100 30 8 5 5.85307 Optimal 3021.97 0
100_30_8 100 30 8 6 6.07547 Optimal 3249.61 0
100_30_8 100 30 8 7 8.71459 Optimal 3395.93 0
100_30_8 100 30 8 8 9.93496 Optimal 3492.48 0
100_30_9 100 30 9 1 3.62161 Optimal 777.064 0
100_30_9 100 30 9 2 5.25069 Optimal 1553.92 0
100_30_9 100 30 9 3 6.40168 Optimal 2125.78 0
100_30_9 100 30 9 4 7.24811 Optimal 2507.75 0
100_30_9 100 30 9 5 5.73794 Optimal 2750.26 0
100_30_9 100 30 9 6 6.18215 Optimal 2892.9 0
100_30_9 100 30 9 7 10.5892 Optimal 2975.91 0
100_30_9 100 30 9 8 18.6543 Optimal 3021.81 0
100_30_9 100 30 9 9 10.5947 Optimal 3048.02 0
100_30_10 100 30 10 1 3.91822 Optimal 821.651 -1.38364E-016
100_30_10 100 30 10 2 7.07131 Optimal 1560.05 0
100_30_10 100 30 10 3 6.72093 Optimal 2050.46 0
100_30_10 100 30 10 4 7.75203 Optimal 2338.51 0
100_30_10 100 30 10 5 6.11534 Optimal 2502.31 0
100_30_10 100 30 10 6 5.99754 Optimal 2590.41 0
100_30_10 100 30 10 7 8.84142 Optimal 2637.2 0
100_30_10 100 30 10 8 11.9065 Optimal 2661.45 -1.70865E-016
100_30_10 100 30 10 9 20.9571 Optimal 2673.94 0
100_30_10 100 30 10 10 9.23933 Optimal 2680.66 0
100_30_11 100 30 11 1 4.0667 Optimal 861.985 0
100_30_11 100 30 11 2 4.95269 Optimal 1536.62 -1.4797E-016
100_30_11 100 30 11 3 6.1926 Optimal 1960.27 0
100_30_11 100 30 11 4 7.42781 Optimal 2176.83 0
100_30_11 100 30 11 5 5.69303 Optimal 2288.12 0
100_30_11 100 30 11 6 5.8298 Optimal 2343.63 0
100_30_11 100 30 11 7 7.40792 Optimal 2371.04 0
100_30_11 100 30 11 8 11.1144 Optimal 2383.92 -1.90756E-016
100_30_11 100 30 11 9 12.5592 Optimal 2389.98 -3.80546E-016
100_30_11 100 30 11 10 22.9087 Optimal 2392.76 0
100_30_11 100 30 11 11 11.9221 Optimal 2394.09 0
100_30_12 100 30 12 1 3.98145 Optimal 893.72 -2.54413E-016
100_30_12 100 30 12 2 5.24235 Optimal 1517.05 0
100_30_12 100 30 12 3 6.35695 Optimal 1881.42 0
100_30_12 100 30 12 4 7.58954 Optimal 2051.37 -4.43361E-016
100_30_12 100 30 12 5 6.07966 Optimal 2132.1 -2.13286E-016
100_30_12 100 30 12 6 6.50249 Optimal 2168.8 0
100_30_12 100 30 12 7 7.99402 Optimal 2185.06 0
100_30_12 100 30 12 8 12.3734 Optimal 2192.17 -4.14883E-016
100_30_12 100 30 12 9 12.6108 Optimal 2195.19 0
100_30_12 100 30 12 10 15.6218 Optimal 2196.47 0
100_30_12 100 30 12 11 28.9711 Optimal 2197.01 -2.06985E-016
100_30_12 100 30 12 12 15.117 Optimal 2197.25 0
100_30_13 100 30 13 1 3.6747 Optimal 915.529 0
100_30_13 100 30 13 2 5.15341 Optimal 1497.73 0
100_30_13 100 30 13 3 6.36121 Optimal 1802.38 0
100_30_13 100 30 13 4 7.18756 Optimal 1938.8 -2.34551E-016
100_30_13 100 30 13 5 5.52393 Optimal 1996.65 -2.27755E-016
100_30_13 100 30 13 6 5.81557 Optimal 2020.69 0
100_30_13 100 30 13 7 7.49047 Optimal 2030.72 0
100_30_13 100 30 13 8 11.2406 Optimal 2034.82 0
100_30_13 100 30 13 9 12.8704 Optimal 2036.46 0
100_30_13 100 30 13 10 14.9412 Optimal 2037.1 -1.11616E-016
100_30_13 100 30 13 11 17.1043 Optimal 2037.35 0
100_30_13 100 30 13 12 30.004 Optimal 2037.45 -1.11597E-016
100_30_13 100 30 13 13 13.3565 Optimal 2037.49 0
100_30_14 100 30 14 1 4.7099 Optimal 933.339 0
100_30_14 100 30 14 2 4.94373 Optimal 1472.62 0
100_30_14 100 30 14 3 6.33923 Optimal 1727.05 0
100_30_14 100 30 14 4 7.70408 Optimal 1837.65 0
100_30_14 100 30 14 5 5.98801 Optimal 1879.91 0
100_30_14 100 30 14 6 5.93787 Optimal 1896.45 0
100_30_14 100 30 14 7 7.58527 Optimal 1902.76 0
100_30_14 100 30 14 8 11.888 Optimal 1905.18 0
100_30_14 100 30 14 9 12.7744 Optimal 1906.07 -1.19289E-016
100_30_14 100 30 14 10 15.7357 Optimal 1906.4 -3.57806E-016
100_30_14 100 30 14 11 16.0409 Optimal 1906.52 0
100_30_14 100 30 14 12 18.1209 Optimal 1906.56 -2.38517E-016
100_30_14 100 30 14 13 35.7466 Optimal 1906.57 0
100_30_14 100 30 14 14 16.0738 Optimal 1906.58 0
100_30_15 100 30 15 1 4.16104 Optimal 945.116 2.99563E-005
100_30_15 100 30 15 2 4.96283 Optimal 1446.44 0
100_30_15 100 30 15 3 6.09784 Optimal 1660.93 0
100_30_15 100 30 15 4 6.75486 Optimal 1749.72 -1.29949E-016
100_30_15 100 30 15 5 6.06101 Optimal 1781.86 -1.27605E-016
100_30_15 100 30 15 6 5.76223 Optimal 1793.74 0
100_30_15 100 30 15 7 7.20642 Optimal 1797.86 0
100_30_15 100 30 15 8 11.5291 Optimal 1799.33 -1.26366E-016
100_30_15 100 30 15 9 13.3539 Optimal 1799.85 0
100_30_15 100 30 15 10 15.7845 Optimal 1800.02 -3.78952E-016
100_30_15 100 30 15 11 17.7483 Optimal 1800.08 -1.26313E-016
100_30_15 100 30 15 12 18.07 Optimal 1800.1 -3.78935E-016
100_30_15 100 30 15 13 21.5384 Optimal 1800.11 -2.52623E-016
100_30_15 100 30 15 14 40.8557 Optimal 1800.11 -1.26311E-016
100_30_15 100 30 15 15 14.9468 Optimal 1800.11 0
100_30_16 100 30 16 1 5.36878 Optimal 953.509 0
100_30_16 100 30 16 2 4.94472 Optimal 1423.1 -1.59774E-016
100_30_16 100 30 16 3 5.98514 Optimal 1611.09 0
100_30_16 100 30 16 4 6.94671 Optimal 1682.75 0
100_30_16 100 30 16 5 5.60119 Optimal 1707.49 0
100_30_16 100 30 16 6 5.99196 Optimal 1715.97 0
100_30_16 100 30 16 7 7.43917 Optimal 1718.75 0
100_30_16 100 30 16 8 11.7641 Optimal 1719.66 -1.3222E-016
100_30_16 100 30 16 9 11.9098 Optimal 1719.97 -1.32196E-016
100_30_16 100 30 16 10 15.7337 Optimal 1720.07 -1.32189E-016
100_30_16 100 30 16 11 17.2818 Optimal 1720.1 -1.32187E-016
100_30_16 100 30 16 12 19.1257 Optimal 1720.11 0
100_30_16 100 30 16 13 20.6169 Optimal 1720.11 -2.64371E-016
100_30_16 100 30 16 14 21.3288 Optimal 1720.11 -5.28742E-016
100_30_16 100 30 16 15 39.642 Optimal 1720.11 -2.64371E-016
100_30_16 100 30 16 16 17.3368 Optimal 1720.11 0
100_30_17 100 30 17 1 4.30429 Optimal 957.851 0
100_30_17 100 30 17 2 4.92907 Optimal 1400.08 0
100_30_17 100 30 17 3 6.22215 Optimal 1565.92 0
100_30_17 100 30 17 4 7.01139 Optimal 1625.52 -1.39877E-016
100_30_17 100 30 17 5 6.00831 Optimal 1644.94 0
100_30_17 100 30 17 6 6.10512 Optimal 1651.2 0
100_30_17 100 30 17 7 8.23169 Optimal 1653.15 0
100_30_17 100 30 17 8 11.6089 Optimal 1653.75 -4.1247E-016
100_30_17 100 30 17 9 12.9197 Optimal 1653.93 0
100_30_17 100 30 17 10 15.2162 Optimal 1653.99 -1.3747E-016
100_30_17 100 30 17 11 16.8429 Optimal 1654.01 0
100_30_17 100 30 17 12 19.8064 Optimal 1654.01 -2.74936E-016
100_30_17 100 30 17 13 22.3875 Optimal 1654.01 0
100_30_17 100 30 17 14 23.2247 Optimal 1654.01 -1.37468E-016
100_30_17 100 30 17 15 25.8886 Optimal 1654.01 0
100_30_17 100 30 17 16 43.6908 Optimal 1654.01 -4.12404E-016
100_30_17 100 30 17 17 18.1783 Optimal 1654.01 0
100_30_18 100 30 18 1 3.85262 Optimal 966.854 3.15407E-005
100_30_18 100 30 18 2 4.9078 Optimal 1382.77 0
100_30_18 100 30 18 3 5.97419 Optimal 1525.98 0
100_30_18 100 30 18 4 7.27613 Optimal 1575.58 0
100_30_18 100 30 18 5 5.68671 Optimal 1590.84 0
100_30_18 100 30 18 6 5.86648 Optimal 1595.35 0
100_30_18 100 30 18 7 7.84686 Optimal 1596.68 0
100_30_18 100 30 18 8 12.2713 Optimal 1597.07 0
100_30_18 100 30 18 9 12.9695 Optimal 1597.18 0
100_30_18 100 30 18 10 16.4538 Optimal 1597.21 0
100_30_18 100 30 18 11 16.3812 Optimal 1597.22 0
100_30_18 100 30 18 12 18.5751 Optimal 1597.22 0
100_30_18 100 30 18 13 21.947 Optimal 1597.22 0
100_30_18 100 30 18 14 21.4201 Optimal 1597.22 -2.84712E-016
100_30_18 100 30 18 15 25.059 Optimal 1597.22 0
100_30_18 100 30 18 16 642.875 Optimal 1597.22 0
100_30_18 100 30 18 17 88.4999 Optimal 1597.22 0
100_30_18 100 30 18 18 35.1689 Optimal 1597.22 0
100_30_19 100 30 19 1 5.26894 Optimal 974.909 0
100_30_19 100 30 19 2 5.07359 Optimal 1365.68 0
100_30_19 100 30 19 3 6.32956 Optimal 1494.07 0
100_30_19 100 30 19 4 7.10166 Optimal 1535.53 -2.9615E-016
100_30_19 100 30 19 5 5.79805 Optimal 1547.65 0
100_30_19 100 30 19 6 6.00327 Optimal 1551.05 0
100_30_19 100 30 19 7 8.18268 Optimal 1551.99 0
100_30_19 100 30 19 8 11.9422 Optimal 1552.25 -2.9296E-016
100_30_19 100 30 19 9 13.5053 Optimal 1552.32 0
100_30_19 100 30 19 10 16.8009 Optimal 1552.34 0
100_30_19 100 30 19 11 18.7168 Optimal 1552.35 0
100_30_19 100 30 19 12 18.8893 Optimal 1552.35 -4.39413E-016
100_30_19 100 30 19 13 21.2491 Optimal 1552.35 0
100_30_19 100 30 19 14 24.695 Optimal 1552.35 0
100_30_19 100 30 19 15 29.9413 Optimal 1552.35 -1.46471E-016
100_30_19 100 30 19 16 3257.28 Optimal 1552.35 -1.17177E-015
100_30_19 100 30 19 17 1232.03 Optimal 1552.35 0
100_30_19 100 30 19 18 3649.21 Feasible 4818.22 2.10383
100_30_19 100 30 19 19 3600.75 Feasible 7743.6 3.98832
100_30_20 100 30 20 1 3.50801 Optimal 980.88 3.22025E-005
100_30_20 100 30 20 2 4.86948 Optimal 1350.39 0
100_30_20 100 30 20 3 5.92075 Optimal 1466.4 0
100_30_20 100 30 20 4 6.65453 Optimal 1501.12 -4.54409E-016
100_30_20 100 30 20 5 5.96427 Optimal 1510.77 -3.01003E-016
100_30_20 100 30 20 6 5.96395 Optimal 1513.34 0
100_30_20 100 30 20 7 8.18444 Optimal 1514.02 0
100_30_20 100 30 20 8 12.3114 Optimal 1514.19 -3.00324E-016
100_30_20 100 30 20 9 13.3928 Optimal 1514.24 0
100_30_20 100 30 20 10 15.826 Optimal 1514.25 0
100_30_20 100 30 20 11 18.8169 Optimal 1514.25 0
100_30_20 100 30 20 12 18.9464 Optimal 1514.25 -1.50156E-016
100_30_20 100 30 20 13 21.1542 Optimal 1514.25 -1.50156E-016
100_30_20 100 30 20 14 24.0541 Optimal 1514.25 0
100_30_20 100 30 20 15 28.6632 Optimal 1514.25 0
100_30_20 100 30 20 16 74.6571 Optimal 1514.25 0
100_30_20 100 30 20 17 3600.33 Feasible 1621.9 0.0710922
100_30_20 100 30 20 18 3600.81 Feasible 4818.22 2.18191
100_30_20 100 30 20 19 3600.78 Feasible 4818.22 2.18191
100_30_20 100 30 20 20 3600.61 Feasible 7743.6 4.11381
100_30_21 100 30 21 1 3.63528 Optimal 986.309 -1.15265E-016
100_30_21 100 30 21 2 5.12118 Optimal 1335.99 -3.40382E-016
100_30_21 100 30 21 3 6.20634 Optimal 1440.22 0
100_30_21 100 30 21 4 7.36629 Optimal 1470.26 0
100_30_21 100 30 21 5 5.82142 Optimal 1478.24 -1.53814E-016
100_30_21 100 30 21 6 5.98406 Optimal 1480.26 0
100_30_21 100 30 21 7 8.02817 Optimal 1480.76 0
100_30_21 100 30 21 8 11.25 Optimal 1480.89 0
100_30_21 100 30 21 9 13.2742 Optimal 1480.92 0
100_30_21 100 30 21 10 15.6804 Optimal 1480.93 0
100_30_21 100 30 21 11 17.7559 Optimal 1480.93 0
100_30_21 100 30 21 12 19.8607 Optimal 1480.93 0
100_30_21 100 30 21 13 21.6347 Optimal 1480.93 0
100_30_21 100 30 21 14 23.5103 Optimal 1480.93 0
100_30_21 100 30 21 15 32.9778 Optimal 1480.93 -3.07069E-016
100_30_21 100 30 21 16 3468.76 Optimal 1480.93 0
100_30_21 100 30 21 17 3618.46 Feasible 4818.22 2.25351
100_30_21 100 30 21 18 3600.8 Feasible 4818.22 2.25351
100_30_21 100 30 21 19 3600.85 Feasible 4818.22 2.25351
100_30_21 100 30 21 20 3601.15 Feasible 4818.22 2.25351
100_30_21 100 30 21 21 3600.63 Feasible 7743.6 4.22888
100_30_22 100 30 22 1 3.65373 Optimal 993.936 0
100_30_22 100 30 22 2 4.87496 Optimal 1323.08 0
100_30_22 100 30 22 3 6.33792 Optimal 1417.82 0
100_30_22 100 30 22 4 7.04098 Optimal 1443.34 -3.15065E-016
100_30_22 100 30 22 5 5.91257 Optimal 1449.65 -3.13695E-016
100_30_22 100 30 22 6 6.01245 Optimal 1451.21 0
100_30_22 100 30 22 7 7.73615 Optimal 1451.58 0
100_30_22 100 30 22 8 12.096 Optimal 1451.67 0
100_30_22 100 30 22 9 12.8852 Optimal 1451.69 -3.13253E-016
100_30_22 100 30 22 10 15.3219 Optimal 1451.7 0
100_30_22 100 30 22 11 17.2708 Optimal 1451.7 -1.56626E-016
100_30_22 100 30 22 12 19.7151 Optimal 1451.7 0
100_30_22 100 30 22 13 23.8057 Optimal 1451.7 -3.13252E-016
100_30_22 100 30 22 14 27.1309 Optimal 1451.7 0
100_30_22 100 30 22 15 35.0521 Optimal 1451.7 -1.56626E-016
100_30_22 100 30 22 16 3600.67 Feasible 1754.12 0.208321
100_30_22 100 30 22 17 3610.16 Feasible 4818.22 2.31902
100_30_22 100 30 22 18 3611.79 Feasible 4270.04 1.94141
100_30_22 100 30 22 19 3601 Feasible 4818.22 2.31902
100_30_22 100 30 22 20 3601 Feasible 4818.22 2.31902
100_30_22 100 30 22 21 3600.93 Feasible 4818.22 2.31902
100_30_22 100 30 22 22 3600.44 Feasible 7743.6 4.33417
100_30_23 100 30 23 1 3.52277 Optimal 1000.89 -1.13586E-016
100_30_23 100 30 23 2 5.30836 Optimal 1310.92 -1.73445E-016
100_30_23 100 30 23 3 6.27651 Optimal 1398.11 0
100_30_23 100 30 23 4 7.88787 Optimal 1419.87 -3.20274E-016
100_30_23 100 30 23 5 5.94494 Optimal 1425.11 0
100_30_23 100 30 23 6 6.56667 Optimal 1426.32 0
100_30_23 100 30 23 7 8.10516 Optimal 1426.61 0
100_30_23 100 30 23 8 12.4794 Optimal 1426.67 -6.37495E-016
100_30_23 100 30 23 9 12.7691 Optimal 1426.68 0
100_30_23 100 30 23 10 15.3057 Optimal 1426.69 0
100_30_23 100 30 23 11 18.5478 Optimal 1426.69 -1.59372E-016
100_30_23 100 30 23 12 20.7418 Optimal 1426.69 -7.96858E-016
100_30_23 100 30 23 13 22.4981 Optimal 1426.69 -6.37487E-016
100_30_23 100 30 23 14 31.0125 Optimal 1426.69 -1.59372E-016
100_30_23 100 30 23 15 1015.01 Optimal 1426.69 0
100_30_23 100 30 23 16 3307.57 Optimal 1426.69 -4.78115E-016
100_30_23 100 30 23 17 3601.05 Feasible 2708.33 0.898336
100_30_23 100 30 23 18 3600.96 Feasible 4818.22 2.3772
100_30_23 100 30 23 19 3600.73 Feasible 4292.23 2.00852
100_30_23 100 30 23 20 3600.42 Feasible 4818.22 2.3772
100_30_23 100 30 23 21 3601.23 Feasible 4818.22 2.3772
100_30_23 100 30 23 22 3601.49 Feasible 4818.22 2.3772
100_30_23 100 30 23 23 3600.52 Feasible 7743.6 4.42768
100_30_24 100 30 24 1 3.27119 Optimal 1007.87 0
100_30_24 100 30 24 2 4.95835 Optimal 1301.34 -3.49445E-016
100_30_24 100 30 24 3 6.24189 Optimal 1380.57 -3.2939E-016
100_30_24 100 30 24 4 7.52118 Optimal 1399.41 0
100_30_24 100 30 24 5 5.87999 Optimal 1403.8 0
100_30_24 100 30 24 6 5.85005 Optimal 1404.77 0
100_30_24 100 30 24 7 8.00007 Optimal 1404.99 0
100_30_24 100 30 24 8 11.9845 Optimal 1405.03 0
100_30_24 100 30 24 9 13.4715 Optimal 1405.04 -1.61827E-016
100_30_24 100 30 24 10 16.4399 Optimal 1405.05 -4.85479E-016
100_30_24 100 30 24 11 16.1022 Optimal 1405.05 -1.61826E-016
100_30_24 100 30 24 12 18.9472 Optimal 1405.05 0
100_30_24 100 30 24 13 25.0232 Optimal 1405.05 0
100_30_24 100 30 24 14 3655.51 Feasible 1545.44 0.0999206
100_30_24 100 30 24 15 2269.87 Optimal 1405.05 -4.85479E-016
100_30_24 100 30 24 16 3675.85 Feasible 4818.22 2.42922
100_30_24 100 30 24 17 3600.81 Feasible 2965.43 1.11055
100_30_24 100 30 24 18 3600.92 Feasible 4818.22 2.42922
100_30_24 100 30 24 19 3621.06 Feasible 4290.32 2.05351
100_30_24 100 30 24 20 3600.7 Feasible 4818.22 2.42922
100_30_24 100 30 24 21 3601.05 Feasible 4818.22 2.42922
100_30_24 100 30 24 22 3601.17 Feasible 4818.22 2.42922
100_30_24 100 30 24 23 3600.82 Feasible 4818.22 2.42922
100_30_24 100 30 24 24 3600.72 Feasible 7743.6 4.51128
100_30_25 100 30 25 1 3.4915 Optimal 1014.83 0
100_30_25 100 30 25 2 4.95603 Optimal 1293.16 0
100_30_25 100 30 25 3 5.87299 Optimal 1365.65 0
100_30_25 100 30 25 4 7.76511 Optimal 1382.41 0
100_30_25 100 30 25 5 6.23835 Optimal 1386.05 0
100_30_25 100 30 25 6 6.17439 Optimal 1386.84 0
100_30_25 100 30 25 7 8.50114 Optimal 1387.01 0
100_30_25 100 30 25 8 11.7392 Optimal 1387.04 0
100_30_25 100 30 25 9 12.8145 Optimal 1387.05 -1.63926E-016
100_30_25 100 30 25 10 15.6271 Optimal 1387.05 -1.63926E-016
100_30_25 100 30 25 11 18.214 Optimal 1387.05 0
100_30_25 100 30 25 12 19.9413 Optimal 1387.05 0
100_30_25 100 30 25 13 41.2136 Optimal 1387.05 0
100_30_25 100 30 25 14 3278.73 Optimal 1387.05 0
100_30_25 100 30 25 15 34.3949 Optimal 1387.05 0
100_30_25 100 30 25 16 3636.21 Feasible 4818.22 2.47371
100_30_25 100 30 25 17 3600.87 Feasible 4818.22 2.47371
100_30_25 100 30 25 18 3600.97 Feasible 4818.22 2.47371
100_30_25 100 30 25 19 3601.19 Feasible 4818.22 2.47371
100_30_25 100 30 25 20 3601.37 Feasible 4818.22 2.47371
100_30_25 100 30 25 21 3601.53 Feasible 4373.11 2.15281
100_30_25 100 30 25 22 3600.47 Feasible 4818.22 2.47371
100_30_25 100 30 25 23 3600.77 Feasible 4818.22 2.47371
100_30_25 100 30 25 24 3600.45 Feasible 4818.22 2.47371
100_30_25 100 30 25 25 3600.66 Feasible 7743.6 4.58278
100_40_9 100 40 9 1 1228.12 Feasible 112.228 2.94019
100_40_9 100 40 9 2 1200.38 Feasible 344.75 5.28083
100_40_9 100 40 9 3 1200.62 Feasible 3637.04 53.565
100_40_9 100 40 9 4 1201.01 Feasible 3672.49 46.9232
100_40_9 100 40 9 5 1200.25 Feasible 4936.16 60.4411
100_40_9 100 40 9 6 1200.35 Feasible 5026.82 58.0878
100_40_9 100 40 9 7 1200.49 Feasible 5073.59 57.0932
100_40_9 100 40 9 8 1200.36 Feasible 5097.72 56.296
100_40_9 100 40 9 9 1200.25 Feasible 6391.14 71.6227
100_40_10 100 40 10 1 1202.37 Feasible 119.992 2.13823
100_40_10 100 40 10 2 1200.17 Feasible 3408.51 60.2809
100_40_10 100 40 10 3 1200.59 Feasible 4193.75 64.3382
100_40_10 100 40 10 4 1200.45 Feasible 4379.44 61.1261
100_40_10 100 40 10 5 1201.66 Feasible 5012.85 66.7528
150_30_5 150 30 5 1 0.695755 Optimal 0 -nan
150_30_5 150 30 5 3 1.28507 Optimal 0 -nan
150_30_5 150 30 5 5 0.160887 Optimal 0 -nan
150_30_6 150 30 6 1 0.731423 Optimal 0 -nan
150_30_6 150 30 6 3 1.25326 Optimal 0 -nan
150_30_6 150 30 6 5 1.65288 Optimal 0 -nan
150_30_7 150 30 7 1 1200.29 Feasible 20.2915 2.24891
150_30_7 150 30 7 3 1202.32 Feasible 112.96 3.63258
150_30_7 150 30 7 5 1200.39 Feasible 1438.61 25.7757
150_30_7 150 30 7 7 1200.31 Feasible 2171.52 18.044
150_30_8 150 30 8 1 1200.3 Feasible 73.3623 2.26542
150_30_8 150 30 8 3 1200.32 Feasible 2736.58 37.0066
150_30_8 150 30 8 5 1200.31 Feasible 4258.39 31.0665
150_30_8 150 30 8 7 1200.62 Feasible 5147.43 27.07
150_30_9 150 30 9 1 1200.37 Feasible 95.3019 1.73447
150_30_9 150 30 9 3 1201.14 Feasible 379.094 3.25542
150_30_9 150 30 9 5 1203.92 Feasible 5579.91 35.8914
150_30_9 150 30 9 7 1201.16 Feasible 6315.54 31.9018
150_30_9 150 30 9 9 1200.52 Feasible 7562.46 35.4366
150_30_10 150 30 10 1 1200.07 Feasible 110.634 0.286753
150_30_10 150 30 10 3 1200.3 Feasible 416.785 3.23548
150_30_10 150 30 10 5 1200.39 Feasible 6254.67 41.2096
150_30_10 150 30 10 7 1200.58 Feasible 6791.38 37.4487
150_30_10 150 30 10 9 1200.86 Feasible 7032.03 35.3129
150_30_11 150 30 11 1 1083.02 Optimal 104.629 0
150_30_11 150 30 11 3 1200.28 Feasible 4812.79 43.3684
150_30_11 150 30 11 5 1201.69 Feasible 6623.5 45.5243
150_30_11 150 30 11 7 1201.02 Feasible 7003.77 43.1657
150_30_11 150 30 11 9 1200.63 Feasible 7144.68 41.6239
150_30_11 150 30 11 11 1200.4 Feasible 8095.83 46.0143
150_30_12 150 30 12 1 618.066 Optimal 118.194 0
150_30_12 150 30 12 3 1200.49 Feasible 5971.86 52.4905
150_30_12 150 30 12 5 1200.47 Feasible 6836.62 51.4152
150_30_12 150 30 12 7 1230.97 Feasible 7105.88 48.2727
150_30_12 150 30 12 9 1200.78 Feasible 7189.72 47.3959
150_30_12 150 30 12 11 1200.78 Feasible 7215.83 48.1985
150_30_13 150 30 13 1 946.619 Optimal 129.672 0
150_30_13 150 30 13 3 1200.44 Feasible 6239.93 54.9648
150_30_13 150 30 13 5 1200.46 Feasible 6965.59 54.9196
150_30_13 150 30 13 7 1200.37 Feasible 7158.11 52.1292
150_30_13 150 30 13 9 1200.38 Feasible 7209.19 52.7037
150_30_13 150 30 13 11 1201.01 Feasible 7222.74 53.0984
150_30_13 150 30 13 13 1200.18 Feasible 8128.95 58.9233
150_30_14 150 30 14 1 113.486 Optimal 139.511 0
150_30_14 150 30 14 3 1200.43 Feasible 6436.82 56.7332
150_30_14 150 30 14 5 1200.9 Feasible 7046.73 57.2861
150_30_14 150 30 14 7 1200.49 Feasible 7186.25 56.2861
150_30_14 150 30 14 9 1200.56 Feasible 7218.16 57.3725
150_30_14 150 30 14 11 1200.54 Feasible 7225.47 58.102
150_30_14 150 30 14 13 1200.53 Feasible 7227.14 58.7299
150_30_15 150 30 15 1 179.704 Optimal 148.038 0
150_30_15 150 30 15 3 1200.23 Feasible 6584.68 58.9929
150_30_15 150 30 15 5 1200.54 Feasible 7099.51 62.8568
150_30_15 150 30 15 7 1200.3 Feasible 7202.1 60.1205
150_30_15 150 30 15 9 1200.57 Feasible 7222.54 61.749
150_30_15 150 30 15 11 1201.09 Feasible 7226.62 62.4299
150_30_15 150 30 15 13 1200.55 Feasible 7227.43 62.7988
150_30_15 150 30 15 15 1200.22 Feasible 8130.37 69.5038
150_30_16 150 30 16 1 33.9674 Optimal 155.498 0.799975
150_30_16 150 30 16 3 1200.41 Feasible 6697.85 60.8022
150_30_16 150 30 16 5 1200.69 Feasible 7134.84 65.4545
150_30_16 150 30 16 7 1200.29 Feasible 7211.38 62.801
150_30_16 150 30 16 9 1200.62 Feasible 7224.79 64.7668
150_30_16 150 30 16 11 1200.37 Feasible 7227.13 65.4097
150_30_16 150 30 16 13 1200.5 Feasible 7227.54 65.6768
150_30_16 150 30 16 15 1200.61 Feasible 7227.62 65.7853
150_30_17 150 30 17 1 22.6354 Optimal 162.082 1.68783
150_30_17 150 30 17 3 1200.32 Feasible 6785.95 62.2611
150_30_17 150 30 17 5 1200.63 Feasible 7159.11 68.7034
150_30_17 150 30 17 7 1200.71 Feasible 7217 65.4469
150_30_17 150 30 17 9 1200.48 Feasible 7225.98 67.5544
150_30_17 150 30 17 11 1200.42 Feasible 7227.38 68.6189
150_30_17 150 30 17 13 1200.39 Feasible 7227.59 68.7001
150_30_17 150 30 17 15 1200.21 Feasible 7227.63 68.6277
150_30_17 150 30 17 17 1200.22 Feasible 8130.41 77.4981
150_30_18 150 30 18 1 27.3744 Optimal 167.933 1.01504
150_30_18 150 30 18 3 1200.5 Feasible 6855.55 63.7211
150_30_18 150 30 18 5 1200.39 Feasible 2243.32 21.7772
150_30_18 150 30 18 7 1200.24 Feasible 7220.51 66.9931
150_30_18 150 30 18 9 1200.61 Feasible 7226.65 70.1836
150_30_18 150 30 18 11 1200.56 Feasible 7227.5 71.056
150_30_18 150 30 18 13 1200.19 Feasible 7227.61 71.0988
150_30_18 150 30 18 15 1200.16 Feasible 7227.63 71.0751
150_30_18 150 30 18 17 1200.15 Feasible 7227.63 71.1879
150_30_19 150 30 19 1 22.8992 Optimal 173.169 0
150_30_19 150 30 19 3 1200.25 Feasible 6911.26 64.9461
150_30_19 150 30 19 5 1201.06 Feasible 2195.95 21.8976
150_30_19 150 30 19 7 1200.8 Feasible 7222.75 62.23
150_30_19 150 30 19 9 1200.41 Feasible 7227.03 71.2678
150_30_19 150 30 19 11 1200.41 Feasible 7227.56 72.9559
150_30_19 150 30 19 13 1200.15 Feasible 7227.62 73.2301
150_30_19 150 30 19 15 1200.15 Feasible 7227.63 73.3828
150_30_19 150 30 19 17 1200.18 Feasible 7227.63 73.8513
150_30_19 150 30 19 19 1200.15 Feasible 8130.41 83.1745
150_30_20 150 30 20 1 20.7653 Optimal 177.881 0.133672
150_30_20 150 30 20 3 1200.4 Feasible 6956.38 65.9153
150_30_20 150 30 20 5 1200.41 Feasible 7197.23 75.51
150_30_20 150 30 20 7 1200.29 Feasible 7224.22 71.4939
150_30_20 150 30 20 9 1200.55 Feasible 7227.25 73.2953
150_30_20 150 30 20 11 1200.29 Feasible 7227.59 75.223
150_30_20 150 30 20 13 1200.2 Feasible 7227.63 75.2865
150_30_20 150 30 20 15 1200.92 Feasible 7227.63 75.2772
150_30_20 150 30 20 17 1200.17 Feasible 7227.63 75.8427
150_30_20 150 30 20 19 1200.28 Feasible 7227.63 76.3315
150_30_21 150 30 21 1 209.071 Optimal 182.144 0
150_30_21 150 30 21 3 1200.25 Feasible 6993.32 66.5207
150_30_21 150 30 21 5 1200.73 Feasible 3394.09 33.1546
150_30_21 150 30 21 7 1200.44 Feasible 7225.21 73.0927
150_30_21 150 30 21 9 1200.51 Feasible 7227.39 77.5134
150_30_21 150 30 21 11 1200.39 Feasible 7227.61 77.6561
150_30_21 150 30 21 13 1200.12 Feasible 7227.63 77.5757
150_30_21 150 30 21 15 1200.14 Feasible 7227.63 77.6452
150_30_21 150 30 21 17 1200.2 Feasible 7227.63 78.5137
150_30_21 150 30 21 19 1200.19 Feasible 7227.63 78.5179
150_30_21 150 30 21 21 1200.29 Feasible 8130.41 88.2858
150_30_22 150 30 22 1 23.277 Optimal 186.02 0.0295881
150_30_22 150 30 22 3 1200.73 Feasible 7023.84 68.2579
150_30_22 150 30 22 5 1200.41 Feasible 3261.96 35.7172
150_30_22 150 30 22 7 1200.44 Feasible 7225.88 74.372
150_30_22 150 30 22 9 1200.4 Feasible 7227.47 79.3768
150_30_22 150 30 22 11 1200.61 Feasible 7227.62 79.1119
150_30_22 150 30 22 13 1200.17 Feasible 7227.63 79.6721
150_30_22 150 30 22 15 1201.19 Feasible 7227.63 79.908
150_30_22 150 30 22 17 1200.2 Feasible 7227.63 80.2433
150_30_22 150 30 22 19 1200.19 Feasible 7227.63 80.249
150_30_22 150 30 22 21 1200.23 Feasible 7227.63 80.24
150_30_23 150 30 23 1 54.9402 Optimal 189.559 0
150_30_23 150 30 23 3 1201.25 Feasible 1789.76 15.6043
150_30_23 150 30 23 5 1200.32 Feasible 7212.52 68.1323
150_30_23 150 30 23 7 1200.43 Feasible 7226.35 75.3766
150_30_23 150 30 23 9 1200.64 Feasible 7227.52 80.7229
150_30_23 150 30 23 11 1200.03 Feasible 7227.62 80.4087
150_30_23 150 30 23 13 1200.13 Feasible 7227.63 80.9943
150_30_23 150 30 23 15 1200.15 Feasible 7227.63 81.3644
150_30_23 150 30 23 17 1200.17 Feasible 7227.63 81.8048
150_30_23 150 30 23 19 1200.21 Feasible 7227.63 81.813
150_30_23 150 30 23 21 1200.24 Feasible 7227.63 81.8201
150_30_23 150 30 23 23 1200.23 Feasible 8130.41 91.9719
150_30_24 150 30 24 1 319.232 Optimal 192.803 0
150_30_24 150 30 24 3 1200.46 Feasible 7070.66 66.3265
150_30_24 150 30 24 5 1200.22 Feasible 7215.41 80.6497
150_30_24 150 30 24 7 1200.4 Feasible 7226.68 82.7698
150_30_24 150 30 24 9 1200.4 Feasible 7227.56 82.1221
150_30_24 150 30 24 11 1200.17 Feasible 7227.63 81.8949
150_30_24 150 30 24 13 1200.27 Feasible 7227.63 81.8514
150_30_24 150 30 24 15 1200.03 Feasible 7227.63 82.6712
150_30_24 150 30 24 17 1200.25 Feasible 7227.63 83.1665
150_30_24 150 30 24 19 1200.23 Feasible 7227.63 83.1758
150_30_24 150 30 24 21 1200.22 Feasible 7227.63 83.1841
150_30_24 150 30 24 23 1200.24 Feasible 7227.63 83.1842
150_30_25 150 30 25 1 57.7573 Optimal 195.787 0
50_10_5 50 10 5 1 0.817959 Optimal 278.187 0
50_10_5 50 10 5 3 17.5407 Optimal 403.198 0
50_10_5 50 10 5 5 13.9104 Optimal 426.196 0
50_10_6 50 10 6 1 0.691437 Optimal 309.581 0
50_10_6 50 10 6 3 15.1615 Optimal 347.902 0
50_10_6 50 10 6 5 34.9155 Optimal 378.918 0
50_10_7 50 10 7 1 0.716188 Optimal 332.005 0
50_10_7 50 10 7 3 11.9637 Optimal 347.408 0
50_10_7 50 10 7 5 46.0346 Optimal 366.557 0
50_10_7 50 10 7 7 35.5392 Optimal 366.773 0
50_10_8 50 10 8 1 0.680553 Optimal 348.823 0
50_10_8 50 10 8 3 11.7355 Optimal 349.172 0
50_10_8 50 10 8 5 51.3668 Optimal 357.812 0
50_10_8 50 10 8 7 94.6548 Optimal 358.032 0
50_20_7 50 20 7 1 8.91743 Optimal 116.44 0
50_20_7 50 20 7 3 347.216 Optimal 191.571 0
50_20_7 50 20 7 5 1200.19 Feasible 217.564 0.697192
50_20_7 50 20 7 7 1161.12 Optimal 205.604 0
50_20_8 50 20 8 1 7.95082 Optimal 100.822 0
50_20_8 50 20 8 3 187.592 Optimal 162.013 0
50_20_8 50 20 8 5 1200.11 Feasible 166.614 0.202101
50_20_8 50 20 8 7 1200.19 Feasible 171.387 1.28751
50_20_9 50 20 9 1 3.4857 Optimal 96.8587 0
50_20_9 50 20 9 3 357.838 Optimal 144.506 0
50_20_9 50 20 9 5 1200.28 Feasible 162.182 0.700929
50_20_9 50 20 9 7 1200.13 Feasible 236.821 2.50484
50_20_9 50 20 9 9 1200.12 Feasible 148.121 0.573619
50_20_10 50 20 10 1 3.70638 Optimal 99.9903 0
50_20_10 50 20 10 3 523.187 Optimal 125.692 2.91291E-005
50_20_10 50 20 10 5 1200.12 Feasible 197.223 1.22685
50_20_10 50 20 10 7 1200.83 Feasible 333.675 3.39616
50_20_10 50 20 10 9 1200.47 Feasible 208.665 1.78195
50_20_11 50 20 11 1 2.3887 Optimal 102.553 0
50_20_11 50 20 11 3 159.877 Optimal 116.632 0
50_20_11 50 20 11 5 1200.04 Feasible 126.704 0.780697
50_20_11 50 20 11 7 1200.13 Feasible 191.932 1.91265
50_20_11 50 20 11 9 1200.34 Feasible 331.702 4.70288
50_20_11 50 20 11 11 1200.12 Feasible 150.548 1.44173
50_20_12 50 20 12 1 4.0377 Optimal 104.688 0
50_20_12 50 20 12 3 137.481 Optimal 114.539 0
50_20_12 50 20 12 5 881.306 Optimal 116.478 0
50_20_12 50 20 12 7 1200.12 Feasible 249.948 2.47595
50_20_12 50 20 12 9 1200.45 Feasible 763.778 11.0649
50_20_12 50 20 12 11 1200.24 Feasible 957.17 15.9774
50_20_13 50 20 13 1 3.00498 Optimal 106.494 0
50_20_13 50 20 13 3 238.012 Optimal 112.635 0
50_20_13 50 20 13 5 1200.03 Feasible 113.211 0.0509733
50_20_13 50 20 13 7 1200.25 Feasible 155.852 1.45319
50_20_13 50 20 13 9 1200.66 Feasible 338.002 4.56953
50_20_13 50 20 13 11 1200.24 Feasible 2294.11 40.7739
50_20_13 50 20 13 13 1200.32 Feasible 2874.16 48.3715
50_20_14 50 20 14 1 2.48643 Optimal 108.043 0
50_20_14 50 20 14 3 160.136 Optimal 110.072 0
50_20_14 50 20 14 5 1200.02 Feasible 110.702 0.0246069
50_20_14 50 20 14 7 1200.12 Feasible 187.125 1.66381
50_20_14 50 20 14 9 1200.15 Feasible 848.487 14.6265
50_20_14 50 20 14 11 1200.2 Feasible 700.737 10.7688
50_20_14 50 20 14 13 1200.34 Feasible 2220.45 38.2682
50_20_15 50 20 15 1 2.51085 Optimal 109.385 0
50_20_15 50 20 15 3 202.453 Optimal 110.162 0
50_20_15 50 20 15 5 1200.03 Feasible 118.659 0.456734
50_20_15 50 20 15 7 1200.13 Feasible 171.189 1.74404
50_20_15 50 20 15 9 1200.38 Feasible 259.099 3.06891
50_20_15 50 20 15 11 1200.29 Feasible 1489.02 26.4103
50_20_15 50 20 15 13 1200.21 Feasible 2294.11 37.3457
50_20_15 50 20 15 15 1200.94 Feasible 814.501 13.7927
50_30_9 50 30 9 1 181.504 Optimal 68.1368 0
50_30_9 50 30 9 3 1200.15 Feasible 122.134 2.05832
50_30_9 50 30 9 5 1200.18 Feasible 140.479 2.84791
50_30_9 50 30 9 7 1200.32 Feasible 1462.12 41.3303
50_30_9 50 30 9 9 1200.33 Feasible 2572.48 68.2467
50_30_10 50 30 10 1 100.813 Optimal 62.7385 0
50_30_10 50 30 10 3 1200.2 Feasible 117.786 2.20697
50_30_10 50 30 10 5 1201.19 Feasible 312.515 8.10691
50_30_10 50 30 10 7 1200.72 Feasible 751.507 21.72
50_30_10 50 30 10 9 1200.25 Feasible 2053.22 67.3655
50_30_11 50 30 11 1 51.241 Optimal 60.7764 0
50_30_11 50 30 11 3 1200.05 Feasible 107.33 2.16926
50_30_11 50 30 11 5 1200.19 Feasible 367.031 10.4102
50_30_11 50 30 11 7 1200.3 Feasible 2053.21 62.571
50_30_11 50 30 11 9 1200.73 Feasible 997.683 30.9037
50_30_11 50 30 11 11 1200.23 Feasible 2572.49 88.3894
50_30_12 50 30 12 1 55.9982 Optimal 60.9864 0
50_30_12 50 30 12 3 1200.12 Feasible 88.2306 1.4305
50_30_12 50 30 12 5 1200.62 Feasible 179.746 4.15051
50_30_12 50 30 12 7 1200.47 Feasible 2053.21 72.4066
50_30_12 50 30 12 9 1200.88 Feasible 640.593 20.6117
50_30_12 50 30 12 11 1200.63 Feasible 2053.22 74.9218
50_30_13 50 30 13 1 21.6606 Optimal 56.3026 0
50_30_13 50 30 13 3 1200.12 Feasible 80.1936 1.28602
50_30_13 50 30 13 5 1200.16 Feasible 156.899 3.69835
50_30_13 50 30 13 7 1200.37 Feasible 2053.22 69.4081
50_10_5 50 10 5 1 0.725047 Optimal 278.188 0
50_10_5 50 10 5 2 6.99708 Optimal 331.19 0
50_10_5 50 10 5 3 20.215 Optimal 403.198 0
50_10_5 50 10 5 4 18.6714 Optimal 426.196 0
50_10_5 50 10 5 5 14.4077 Optimal 426.196 0
50_10_6 50 10 6 1 0.594936 Optimal 309.581 0
50_10_6 50 10 6 2 5.01023 Optimal 311.215 0
50_10_6 50 10 6 3 14.9398 Optimal 347.902 0
50_10_6 50 10 6 4 24.7927 Optimal 376.373 0
50_10_6 50 10 6 5 34.9939 Optimal 378.918 0
50_10_6 50 10 6 6 20.8531 Optimal 378.918 0
50_10_7 50 10 7 1 0.672775 Optimal 332.005 0
50_10_7 50 10 7 2 4.02516 Optimal 332.005 0
50_10_7 50 10 7 3 13.4534 Optimal 347.408 0
50_10_7 50 10 7 4 30.7971 Optimal 360.797 0
50_10_7 50 10 7 5 49.047 Optimal 366.557 0
50_30_13 50 30 13 9 1202.48 Feasible 618.474 20.113
50_10_7 50 10 7 6 59.6367 Optimal 366.773 0
50_10_7 50 10 7 7 36.0267 Optimal 366.773 0
50_10_8 50 10 8 1 0.655162 Optimal 348.823 0
50_10_8 50 10 8 2 2.38165 Optimal 348.823 0
50_10_8 50 10 8 3 11.984 Optimal 349.172 0
50_10_8 50 10 8 4 21.6977 Optimal 355.039 0
50_10_8 50 10 8 5 50.0716 Optimal 357.812 0
50_10_8 50 10 8 6 76.1852 Optimal 357.974 0
50_10_8 50 10 8 7 104.03 Optimal 358.032 0
50_10_8 50 10 8 8 52.5517 Optimal 358.032 0
50_20_7 50 20 7 1 10.7266 Optimal 116.44 0
50_20_7 50 20 7 2 122.58 Optimal 160.149 0
50_20_7 50 20 7 3 366.838 Optimal 191.571 0
50_20_7 50 20 7 4 794.403 Optimal 195.646 6.43095E-005
50_20_7 50 20 7 5 2087.22 Optimal 204.432 0
50_20_7 50 20 7 6 2295.82 Optimal 205.44 0
50_20_7 50 20 7 7 1273.3 Optimal 205.604 0
50_20_8 50 20 8 1 8.67997 Optimal 100.822 0
50_20_8 50 20 8 2 94.7134 Optimal 152.013 0.000046045
50_20_8 50 20 8 3 213.366 Optimal 162.013 0
50_20_8 50 20 8 4 792.845 Optimal 165.217 0
50_20_8 50 20 8 5 1750.31 Optimal 166.614 0
50_20_8 50 20 8 6 1960.85 Optimal 166.925 0
50_20_8 50 20 8 7 2691.34 Optimal 167.219 0
50_20_8 50 20 8 8 1480.98 Optimal 167.289 0
50_20_9 50 20 9 1 3.40028 Optimal 96.8587 0
50_20_9 50 20 9 2 67.9088 Optimal 130.751 0
50_20_9 50 20 9 3 393.474 Optimal 144.506 0
50_20_9 50 20 9 4 1245.73 Optimal 146.801 0
50_20_9 50 20 9 5 1609.36 Optimal 147.53 0
50_20_9 50 20 9 6 1651.27 Optimal 148.002 6.00916E-006
50_20_9 50 20 9 7 3557.94 Optimal 148.099 0
50_20_9 50 20 9 8 3600.08 Feasible 165.294 1.21928
50_20_9 50 20 9 9 1846.59 Optimal 148.121 0
50_20_10 50 20 10 1 3.72908 Optimal 99.9903 0
50_20_10 50 20 10 2 53.3752 Optimal 116.724 0
50_20_10 50 20 10 3 466.754 Optimal 125.692 2.91291E-005
50_20_10 50 20 10 4 1558.18 Optimal 126.558 0
50_20_10 50 20 10 5 2712.19 Optimal 126.959 0
50_20_10 50 20 10 6 2732.17 Optimal 127.041 0
50_20_10 50 20 10 7 3600.19 Feasible 152.278 0.502518
50_20_10 50 20 10 8 3600.25 Feasible 127.13 0.23642
50_20_10 50 20 10 9 3600.2 Feasible 127.655 0.680518
50_20_10 50 20 10 10 3542.82 Optimal 127.131 0
50_20_11 50 20 11 1 2.55802 Optimal 102.553 0
50_20_11 50 20 11 2 28.3899 Optimal 111.381 0
50_20_11 50 20 11 3 137.532 Optimal 116.632 0
50_20_11 50 20 11 4 1086.53 Optimal 116.632 0
50_20_11 50 20 11 5 1835 Optimal 116.981 0
50_20_11 50 20 11 6 2740.57 Optimal 117.159 0
50_20_11 50 20 11 7 3600.19 Feasible 117.187 0.0520328
50_20_11 50 20 11 8 3600.15 Feasible 117.19 0.119661
50_20_11 50 20 11 9 3600.19 Feasible 135.187 0.318226
50_20_11 50 20 11 10 3600.22 Feasible 126.775 0.236127
50_20_11 50 20 11 11 3600.3 Feasible 117.19 0.0658523
50_20_12 50 20 12 1 4.05308 Optimal 104.688 0
50_20_12 50 20 12 2 17.7068 Optimal 111.026 0
50_20_12 50 20 12 3 143.631 Optimal 114.539 0
50_20_12 50 20 12 4 638.712 Optimal 116.094 0
50_20_12 50 20 12 5 820.278 Optimal 116.478 0
50_20_12 50 20 12 6 3028.93 Optimal 116.504 9.33244E-005
50_20_12 50 20 12 7 3600.21 Feasible 116.513 0.00992068
50_20_12 50 20 12 8 2995.81 Optimal 116.515 0
50_20_12 50 20 12 9 3600.56 Feasible 139.317 0.857293
