100 20 5 51.0539 Optimal 2998.47 0
100 20 6 150.435 Optimal 16606.5 0
100 20 7 450.178 Optimal 17291.1 0
100 20 8 503.377 Optimal 14626.5 0
100 20 9 623.693 Optimal 11386.1 0
100 20 10 861.569 Optimal 9276.32 0
100 20 11 744.633 Optimal 7506.72 0
100 20 12 619.963 Optimal 6843.75 0
100 20 13 559.33 Optimal 6079.34 0
100 20 14 393.598 Optimal 5262.71 0
100 20 15 287.729 Optimal 4590.8 0
100 20 16 161.895 Optimal 4662.82 0
100 20 17 21.7401 Optimal 4743.33 3.36104e-06
100 20 18 7.238 Optimal 4821.51 5.6111e-07
100 30 7 3600.18 Feasible 15915.8 1.04448
100 30 8 3600.16 Feasible 13134.6 1.8291
100 30 9 3600.41 Feasible 10444.9 1.6355
100 30 10 3600.51 Feasible 8193.92 1.88927
100 30 11 3600.37 Feasible 7203.17 1.29569
100 30 12 3600.32 Feasible 6594.74 1.27381
100 30 13 3601.44 Feasible 6081.38 1.12989
100 30 14 3600.25 Feasible 5024.73 0.787673
100 30 15 3600.38 Feasible 6152 1.83765
100 30 16 3600.15 Feasible 5526.84 1.1353
100 30 17 3600.2 Feasible 4534.07 0.681844
100 30 18 3600.3 Feasible 3848.86 0.479233
100 30 19 3600.03 Feasible 3792.76 0.42279
100 30 20 3600.23 Feasible 3251.51 0.224965
100 30 21 3600.18 Feasible 3569.03 0.32243
100 30 22 3600.09 Feasible 3300.67 0.221536
100 30 23 1443.66 Optimal 3332.18 0
100 30 24 744.351 Optimal 3361.91 1.57194e-07
100 40 9 1200.21 Feasible 25090.2 9.67751
150 30 5 5.14102 Optimal 0 -nan
150 30 7 1200.92 Feasible 10948.8 2.47758
150 30 9 1200.27 Feasible 21840.7 2.56182
150 30 11 1200.36 Feasible 15818.6 2.42659
150 30 13 1200.53 Feasible 18653.8 4.08759
150 30 15 1200.83 Feasible 12696.5 2.94081
150 30 17 1200.12 Feasible 18840.2 5.04286
150 30 19 1200.73 Feasible 7509.75 1.47789
150 30 21 1200.29 Feasible 10672.5 3.07959
150 30 23 1200.08 Feasible 9216.17 2.62581
50 10 5 1.86215 Optimal 11365.2 0
50 10 7 1.47747 Optimal 9810.32 0
50 20 7 63.8568 Optimal 5482.77 0
50 20 9 147.019 Optimal 3949.9 0
50 20 11 221.123 Optimal 3255.21 0
50 20 13 110.799 Optimal 3247.03 0
50 20 15 48.105 Optimal 3272.34 0
50 30 9 1200.11 Feasible 3291.89 2.60067
50 30 11 1200.38 Feasible 2547.63 1.89342
50 10 5 1.96187 Optimal 11365.2 0
50 10 6 2.85504 Optimal 10215.1 0
50 10 7 1.52327 Optimal 9810.32 0
50 10 8 0.852992 Optimal 9891.07 0
50 20 7 62.186 Optimal 5482.77 0
50 20 8 113.694 Optimal 4461.03 0
50 20 9 140.244 Optimal 3949.9 0
50 20 10 187.431 Optimal 3390.17 0
50 20 11 209.366 Optimal 3255.21 0
50 20 12 191.766 Optimal 3245.19 0
50 20 13 109.226 Optimal 3247.03 0
50 20 14 28.286 Optimal 3260.2 3.62323e-06
50 20 15 54.1087 Optimal 3272.34 0
30 30 2 0.0774748 Optimal 0 -nan
30 30 3 0.153257 Optimal 0 -nan
30 30 4 6.51389 Optimal 0 -nan
30 30 5 0.187088 Optimal 0 -nan
30 30 6 1.46348 Optimal 0 -nan
30 30 7 25.6647 Optimal 0 -nan
40 40 5 17.7911 Optimal 0 -nan
40 40 6 120.68 Optimal 0 -nan
40 40 7 90.201 Optimal 0 -nan
50 30 9 1200.09 Feasible 3291.89 2.16946
30 30 4 66.5338 Optimal 16072.1 0
50 30 10 1200.15 Feasible 2899.42 2.24808